00000000000000000000000000000000
11111111111111111111111111111111
01000000000000000000000000000000
01100000000000000000000000000000
11111111111111111111111111111111
00000000001000000000000000000000
11111111111111111111111111111111
00000000000011100000000000000000
00000000000000001000001000000000
00000000000000010000001000000000
00000000000000000000000000000000
00000000011110000000000000000000
11111111111111111111111111111111
00000000000000000000000000000000
00000000000111000000000000000000
00000000000000000000000000000000
00000000000000000111000000000000
00000000000000000000000000000000
11111111111111111111111111111111
00000001100000000000000000000000
01100000000000000000000000000000
00000000000000000000000000000000
00000000000000000000000111100000
00000000000000000000000000000000
00000000000000100000000000000000
00001000000000000000000000000000
00000000000000000000000000000000
11111111111111111011111111111111
11111111111111111111111111111111
00000000000000000000000000000000
11111111111111111111111111111111
00000000000000000000000000000000
01100000000000000000000000000000
01000000000000000000000000000000
01100000000000000000000000000000
00000001000000010000001000000000
01100000000000000000000000000000
11111111111111111111111111111111
11111111111111111111111111111111
11111111111111111111111111111111
11111111111111111111111111111111
